波长	5:30	6:30	7:30	8:30	9:30	10:30	11:30	12:30	13:30	14:30	15:30	16:30	17:30	18:30	19:30
380	0.318755	0.309987667	0.301220333	0.292453	0.33861575	0.3847785	0.43094125	0.477104	0.433652	0.3902	0.346748	0.303296	0.205850333	0.108404667	0.010959
381	0.325613	0.316790667	0.307968333	0.299146	0.3458275	0.392509	0.4391905	0.485872	0.44200625	0.3981405	0.35427475	0.310409	0.210744333	0.111079667	0.011415
382	0.334325	0.32534	0.316355	0.30737	0.354709	0.402048	0.449387	0.496726	0.4524735	0.408221	0.3639685	0.319716	0.217153333	0.114590667	0.012028
383	0.343022	0.333875	0.324728	0.315581	0.36358225	0.4115835	0.45958475	0.507586	0.4629425	0.418299	0.3736555	0.329012	0.223553667	0.118095333	0.012637
384	0.350499	0.341187333	0.331875667	0.322564	0.371661	0.420758	0.469855	0.518952	0.47354475	0.4281375	0.38273025	0.337323	0.229181667	0.121040333	0.012899
385	0.357975	0.348499333	0.339023667	0.329548	0.3797405	0.429933	0.4801255	0.530318	0.484147	0.437976	0.391805	0.345634	0.234809667	0.123985333	0.013161
386	0.369727	0.359916	0.350105	0.340294	0.3918855	0.443477	0.4950685	0.54666	0.49925	0.45184	0.40443	0.35702	0.242549	0.128078	0.013607
387	0.388799	0.378361333	0.367923667	0.357486	0.4109955	0.464505	0.5180145	0.571524	0.522061	0.472598	0.423135	0.373672	0.253903667	0.134135333	0.014367
388	0.407871	0.396806333	0.385741667	0.374677	0.430105	0.485533	0.540961	0.596389	0.54487275	0.4933565	0.44184025	0.390324	0.265258333	0.140192667	0.015127
389	0.421812	0.410445	0.399078	0.387711	0.4445485	0.501386	0.5582235	0.615061	0.5619705	0.50888	0.4557895	0.402699	0.273767667	0.144836333	0.015905
390	0.433861	0.422310667	0.410760333	0.39921	0.45726975	0.5153295	0.57338925	0.631449	0.5769605	0.522472	0.4679835	0.413495	0.281226	0.148957	0.016688
391	0.446153	0.434413667	0.422674333	0.410935	0.47025775	0.5295805	0.58890325	0.648226	0.592349	0.536472	0.480595	0.424718	0.288965	0.153212	0.017459
392	0.460715	0.448728667	0.436742333	0.424756	0.4857255	0.546695	0.6076645	0.668634	0.61145375	0.5542735	0.49709325	0.439913	0.299312333	0.158711667	0.018111
393	0.475278	0.463044333	0.450810667	0.438577	0.50119325	0.5638095	0.62642575	0.689042	0.6305585	0.572075	0.5135915	0.455108	0.309659333	0.164210667	0.018762
394	0.4978	0.484997	0.472194	0.459391	0.52464525	0.5898995	0.65515375	0.720408	0.65945675	0.5985055	0.53755425	0.476603	0.324317	0.172031	0.019745
395	0.529374	0.515635333	0.501896667	0.488158	0.557178	0.626198	0.695218	0.764238	0.69949425	0.6347505	0.57000675	0.505263	0.343876667	0.182490333	0.021104
396	0.560949	0.546274	0.531599	0.516924	0.58971025	0.6624965	0.73528275	0.808069	0.73953275	0.6709965	0.60246025	0.533924	0.363437	0.19295	0.022463
397	0.600107	0.585030333	0.569953667	0.554877	0.6324875	0.710098	0.7877085	0.865319	0.79225975	0.7192005	0.64614125	0.573082	0.390153	0.207224	0.024295
398	0.640673	0.625293667	0.609914333	0.594535	0.67716675	0.7597985	0.84243025	0.925062	0.84734375	0.7696255	0.69190725	0.614189	0.418198	0.222207	0.026216
399	0.681243	0.665434333	0.649625667	0.633817	0.7211935	0.80857	0.8959465	0.983323	0.901174	0.819025	0.736876	0.654727	0.445861667	0.236996333	0.028131
400	0.72183	0.70515	0.68847	0.67179	0.7629515	0.854113	0.9452745	1.036436	0.950648	0.86486	0.779072	0.693284	0.472198333	0.251112667	0.030027
401	0.762416	0.744865	0.727314	0.709763	0.80470975	0.8996565	0.99460325	1.08955	1.00012275	0.9106955	0.82126825	0.731841	0.498534667	0.265228333	0.031922
402	0.801742	0.782975	0.764208	0.745441	0.84385675	0.9422725	1.04068825	1.139104	1.0463645	0.953625	0.8608855	0.768146	0.523360667	0.278575333	0.03379
403	0.83728	0.817145	0.79701	0.776875	0.878192	0.979509	1.080826	1.182143	1.08664475	0.9911465	0.89564825	0.80015	0.545271333	0.290392667	0.035514
404	0.872942	0.851438	0.829934	0.80843	0.91266775	1.0169055	1.12114325	1.225381	1.127106	1.028831	0.930556	0.832281	0.567268333	0.302255667	0.037243
405	0.883449	0.862023333	0.840597667	0.819172	0.92257325	1.0259745	1.12937575	1.232777	1.13476125	1.0367455	0.93872975	0.840714	0.573063	0.305412	0.037761
406	0.893873	0.872528	0.851183	0.829838	0.9323995	1.034961	1.1375225	1.240084	1.14233175	1.0445795	0.94682725	0.849075	0.578808	0.308541	0.038274
407	0.901179	0.879814333	0.858449667	0.837085	0.93910575	1.0411265	1.14314725	1.245168	1.1475415	1.049915	0.9522885	0.854662	0.582685333	0.310708667	0.038732
408	0.906609	0.884999333	0.863389667	0.84178	0.94404875	1.0463175	1.14858625	1.250855	1.152826	1.054797	0.956768	0.858739	0.585569333	0.312399667	0.03923
409	0.912146	0.890288	0.86843	0.846572	0.94909825	1.0516245	1.15415075	1.256677	1.15823525	1.0597935	0.96135175	0.86291	0.588518333	0.314126667	0.039735
410	0.921286	0.899195333	0.877104667	0.855014	0.9582715	1.061529	1.1647865	1.268044	1.169183	1.070322	0.971461	0.8726	0.595205333	0.317810667	0.040416
411	0.931414	0.909094	0.886774	0.864454	0.9685705	1.072687	1.1768035	1.28092	1.1816385	1.082357	0.9830755	0.883794	0.602911333	0.322028667	0.041146
412	0.941267	0.918934	0.896601	0.874268	0.979067	1.083866	1.188665	1.293464	1.193747	1.09403	0.994313	0.894596	0.610348667	0.326101333	0.041854
413	0.949041	0.927619667	0.906198333	0.884777	0.989422	1.094067	1.198712	1.303357	1.2032255	1.103094	1.0029625	0.902831	0.616027667	0.329224333	0.042421
414	0.956903	0.936399	0.915895	0.895391	0.99988475	1.1043785	1.20887225	1.313366	1.2128135	1.112261	1.0117085	0.911156	0.621768333	0.332380667	0.042993
415	0.961353	0.940796667	0.920240333	0.899684	1.00304925	1.1064145	1.20977975	1.313145	1.2136355	1.114126	1.0146165	0.915107	0.624611	0.334115	0.043619
416	0.957465	0.936351333	0.915237667	0.894124	0.9950935	1.096063	1.1970325	1.298002	1.20109875	1.1041955	1.00729225	0.910389	0.621590333	0.332791667	0.043993
417	0.953985	0.932336333	0.910687667	0.889039	0.98772025	1.0864015	1.18508275	1.283764	1.18934875	1.0949335	1.00051825	0.906103	0.618859667	0.331616333	0.044373
418	0.951326	0.930254667	0.909183333	0.888112	0.9858895	1.083667	1.1814445	1.279222	1.1854385	1.091655	0.9978715	0.904088	0.617613333	0.331138667	0.044664
419	0.953398	0.932806667	0.912215333	0.891624	0.98897425	1.0863245	1.18367475	1.281025	1.18741275	1.0938005	1.00018825	0.906576	0.619445	0.332314	0.045183
420	0.956394	0.935972667	0.915551333	0.89513	0.9921865	1.089243	1.1862995	1.283356	1.189779	1.096202	1.002625	0.909048	0.621267	0.333486	0.045705
421	0.954079	0.933548	0.913017	0.892486	0.98877475	1.0850635	1.18135225	1.277641	1.18455125	1.0914615	0.99837175	0.905282	0.618824667	0.332367333	0.04591
422	0.951978	0.931333333	0.910688667	0.890044	0.985588	1.081132	1.176676	1.27222	1.179596	1.086972	0.994348	0.901724	0.616524333	0.331324667	0.046125
423	0.949749	0.929030333	0.908311667	0.887593	0.98281925	1.0780455	1.17327175	1.268498	1.1762005	1.083903	0.9916055	0.899308	0.614889	0.33047	0.046051
424	0.94742	0.926636	0.905852	0.885068	0.98004125	1.0750145	1.16998775	1.264961	1.1729735	1.080986	0.9889985	0.897011	0.613315333	0.329619667	0.045924
425	0.942347	0.921683667	0.901020333	0.880357	0.97444225	1.0685275	1.16261275	1.256698	1.1657115	1.074725	0.9837385	0.892752	0.610431333	0.328110667	0.04579
426	0.928634	0.908598667	0.888563333	0.868528	0.95994725	1.0513665	1.14278575	1.234205	1.14613425	1.0580635	0.96999275	0.881922	0.603132667	0.324343333	0.045554
427	0.915228	0.895812	0.876396	0.85698	0.94577125	1.0345625	1.12335375	1.212145	1.12695125	1.0417575	0.95656375	0.87137	0.596023667	0.320677333	0.045331
428	0.909488	0.890379667	0.871271333	0.852163	0.939767	1.027371	1.114975	1.202579	1.118282	1.033985	0.949688	0.865391	0.592130667	0.318870333	0.04561
429	0.908345	0.889388	0.870431	0.851474	0.9386125	1.025751	1.1128895	1.200028	1.1156945	1.031361	0.9470275	0.862694	0.590518667	0.318343333	0.046168
430	0.909469	0.890530333	0.871591667	0.852653	0.939653	1.026653	1.113653	1.200653	1.11606125	1.0314695	0.94687775	0.862286	0.590453333	0.318620667	0.046788
431	0.920186	0.900582667	0.880979333	0.861376	0.94978425	1.0381925	1.12660075	1.215009	1.129209	1.043409	0.957609	0.871809	0.597063	0.322317	0.047571
432	0.930699	0.910436	0.890173	0.86991	0.9597065	1.049503	1.1392995	1.229096	1.14210675	1.0551175	0.96812825	0.881139	0.603540667	0.325942333	0.048344
433	0.942187	0.92215	0.902113	0.882076	0.97243175	1.0627875	1.15314325	1.243499	1.155859	1.068219	0.980579	0.892939	0.611754	0.330569	0.049384
434	0.952312	0.933144667	0.913977333	0.89481	0.98496875	1.0751275	1.16528625	1.255445	1.16770775	1.0799705	0.99223325	0.904496	0.619829667	0.335163333	0.050497
435	0.963204	0.944855667	0.926507333	0.908159	0.99823775	1.0883165	1.17839525	1.268474	1.18053075	1.0925875	1.00464425	0.916701	0.628346333	0.339991667	0.051637
436	0.987515	0.969120333	0.950725667	0.932331	1.02439425	1.1164575	1.20852075	1.300584	1.21048775	1.1203915	1.03029525	0.940199	0.644559667	0.348920333	0.053281
437	1.0115	0.993060333	0.974620667	0.956181	1.05020125	1.1442215	1.23824175	1.332262	1.240042	1.147822	1.055602	0.963382	0.660556	0.35773	0.054904
438	1.032717	1.014037	0.995357	0.976677	1.07239875	1.1681205	1.26384225	1.359564	1.2655365	1.171509	1.0774815	0.983454	0.674486	0.365518	0.05655
439	1.052695	1.033546333	1.014397667	0.995249	1.09255625	1.1898635	1.28717075	1.384478	1.288823	1.193168	1.097513	1.001858	0.687342	0.372826	0.05831
440	1.072783	1.053164333	1.033545667	1.013927	1.1128315	1.211736	1.3106405	1.409545	1.31225125	1.2149575	1.11766375	1.02037	0.700270667	0.380171333	0.060072
441	1.087727	1.067200667	1.046674333	1.026148	1.12534775	1.2245475	1.32374725	1.422947	1.32560175	1.2282565	1.13091125	1.033566	0.709503667	0.385441333	0.061379
442	1.100402	1.078991333	1.057580667	1.03617	1.13542875	1.2346875	1.33394625	1.433205	1.33605325	1.2389015	1.14174975	1.044598	0.717245333	0.389892667	0.06254
443	1.116061	1.094248667	1.072436333	1.050624	1.1507375	1.250851	1.3509645	1.451078	1.35316925	1.2552605	1.15735175	1.059443	0.727612333	0.395781667	0.063951
444	1.134102	1.112604333	1.091106667	1.069609	1.1715325	1.273456	1.3753795	1.477303	1.3774605	1.277618	1.1777755	1.077933	0.740492667	0.403052333	0.065612
445	1.152238	1.131039667	1.109841333	1.088643	1.192381	1.296119	1.399857	1.503595	1.40181725	1.3000395	1.19826175	1.096484	0.753411	0.410338	0.067265
446	1.171269	1.149231667	1.127194333	1.105157	1.209366	1.313575	1.417784	1.521993	1.4199395	1.317886	1.2158325	1.113779	0.765472	0.417165	0.068858
447	1.186817	1.163867667	1.140918333	1.117969	1.22218275	1.3263965	1.43061025	1.534824	1.4329925	1.331161	1.2293295	1.127498	0.77507	0.422642	0.070214
448	1.196292	1.173042333	1.149792667	1.126543	1.23040775	1.3342725	1.43813725	1.542002	1.44038025	1.3387585	1.23713675	1.135515	0.780801333	0.426087667	0.071374
449	1.202268	1.179676333	1.157084667	1.134493	1.237966	1.341439	1.444912	1.548385	1.446358	1.344331	1.242304	1.140277	0.784402333	0.428527667	0.072653
450	1.208557	1.186604	1.164651	1.142698	1.245822	1.348946	1.45207	1.555194	1.4527335	1.350273	1.2478125	1.145352	0.788213	0.431074	0.073935
451	1.218971	1.197163667	1.175356333	1.153549	1.2567915	1.360034	1.4632765	1.566519	1.4643505	1.362182	1.2600135	1.157845	0.797015667	0.436186333	0.075357
452	1.228946	1.207196667	1.185447333	1.163698	1.267061	1.370424	1.473787	1.57715	1.475516	1.373882	1.272248	1.170614	0.805980333	0.441346667	0.076713
453	1.2377	1.215987667	1.194275333	1.172563	1.2759645	1.379366	1.4827675	1.586169	1.4847455	1.383322	1.2818985	1.180475	0.812956	0.445437	0.077918
454	1.24582	1.224064667	1.202309333	1.180554	1.283964	1.387374	1.490784	1.594194	1.4921115	1.390029	1.2879465	1.185864	0.816887333	0.447910667	0.078934
455	1.2542	1.232396	1.210592	1.188788	1.29223825	1.3956885	1.49913875	1.602589	1.49982625	1.3970635	1.29430075	1.191538	0.821011333	0.450484667	0.079958
456	1.257974	1.235943667	1.213913333	1.191883	1.295338	1.398793	1.502248	1.605703	1.5029055	1.400108	1.2973105	1.194513	0.823313	0.452113	0.080913
457	1.258284	1.236023	1.213762	1.191501	1.294772	1.398043	1.501314	1.604585	1.5021	1.399615	1.29713	1.194645	0.823659667	0.452674333	0.081689
458	1.259088	1.236724667	1.214361333	1.191998	1.29488875	1.3977795	1.50067025	1.603561	1.50155275	1.3995445	1.29753625	1.195528	0.824497	0.453466	0.082435
459	1.266661	1.244412333	1.222163667	1.199915	1.30236525	1.4048155	1.50726575	1.609716	1.50817325	1.4066305	1.30508775	1.203545	0.830197333	0.456849667	0.083502
460	1.274466	1.252324333	1.230182667	1.208041	1.31008325	1.4121255	1.51416775	1.61621	1.51510025	1.4139905	1.31288075	1.211771	0.836039667	0.460308333	0.084577
461	1.27644	1.254753333	1.233066667	1.21138	1.313196	1.415012	1.516828	1.618644	1.517842	1.41704	1.316238	1.215436	0.838756	0.462076	0.085396
462	1.278086	1.256929	1.235772	1.214615	1.31636575	1.4181165	1.51986725	1.621618	1.52097975	1.4203415	1.31970325	1.219065	0.841453	0.463841	0.086229
463	1.279994	1.259101	1.238208	1.217315	1.318639	1.419963	1.521287	1.622611	1.522548	1.422485	1.322422	1.222359	0.843939333	0.465519667	0.0871
464	1.280315	1.259033333	1.237751667	1.21647	1.316243	1.416016	1.515789	1.615562	1.517327	1.419092	1.320857	1.222622	0.844388667	0.466155333	0.087922
465	1.280874	1.259203333	1.237532667	1.215862	1.3141155	1.412369	1.5106225	1.608876	1.51243575	1.4159955	1.31955525	1.223115	0.844994333	0.466873667	0.088753
466	1.282693	1.261138333	1.239583667	1.218029	1.315933	1.413837	1.511741	1.609645	1.5132855	1.416926	1.3205665	1.224207	0.845972333	0.467737667	0.089503
467	1.283694	1.262412333	1.241130667	1.219849	1.31764075	1.4154325	1.51322425	1.611016	1.5143525	1.417689	1.3210255	1.224362	0.846289	0.468216	0.090143
468	1.283979	1.262995333	1.242011667	1.221028	1.318223	1.415418	1.512613	1.609808	1.513184	1.41656	1.319936	1.223312	0.845794	0.468276	0.090758
469	1.285693	1.265022667	1.244352333	1.223682	1.3193535	1.415025	1.5106965	1.606368	1.5103645	1.414361	1.3183575	1.222354	0.84542	0.468486	0.091552
470	1.287591	1.267229	1.246867	1.226505	1.32067675	1.4148485	1.50902025	1.603192	1.50779075	1.4123895	1.31698825	1.221587	0.845176333	0.468765667	0.092355
471	1.289105	1.268151667	1.247198333	1.226245	1.3210745	1.415904	1.5107335	1.605563	1.5100305	1.414498	1.3189655	1.223433	0.846642333	0.469851667	0.093061
472	1.292586	1.270793667	1.249001333	1.227209	1.32335725	1.4195055	1.51565375	1.611802	1.51581325	1.4198245	1.32383575	1.227847	0.849862667	0.471878333	0.093894
473	1.298294	1.276213333	1.254132667	1.232052	1.32922575	1.4263995	1.52357325	1.620747	1.52417225	1.4275975	1.33102275	1.234448	0.854576667	0.474705333	0.094834
474	1.303934	1.282759667	1.261585333	1.240411	1.33766775	1.4349245	1.53218125	1.629438	1.532358	1.435278	1.338198	1.241118	0.859295667	0.477473333	0.095651
475	1.309709	1.289434333	1.269159667	1.248885	1.346236	1.443587	1.540938	1.638289	1.540694	1.443099	1.345504	1.247909	0.864098	0.480287	0.096476
476	1.315433	1.294815667	1.274198333	1.253581	1.3509005	1.44822	1.5455395	1.642859	1.5457825	1.448706	1.3516295	1.254553	0.868762	0.482971	0.09718
477	1.324451	1.303228333	1.282005667	1.260783	1.358289	1.455795	1.553301	1.650807	1.5541885	1.45757	1.3609515	1.264333	0.875592333	0.486851667	0.098111
478	1.332311	1.310823667	1.289336333	1.267849	1.36530175	1.4627545	1.56020725	1.65766	1.5612805	1.464901	1.3685215	1.272142	0.881169	0.490196	0.099223
479	1.333901	1.312764	1.291627	1.27049	1.36719325	1.4638965	1.56059975	1.657303	1.56112325	1.4649435	1.36876375	1.272584	0.881818	0.491052	0.100286
480	1.33554	1.314753333	1.293966667	1.27318	1.369135	1.46509	1.561045	1.657	1.561017	1.465034	1.369051	1.273068	0.882497	0.491926	0.101355
481	1.330773	1.309962667	1.289152333	1.268342	1.362209	1.456076	1.549943	1.64381	1.54945325	1.4550965	1.36073975	1.266383	0.878308333	0.490233667	0.102159
482	1.327404	1.306508667	1.285613333	1.264718	1.3565025	1.448287	1.5400715	1.631856	1.539121	1.446386	1.353651	1.260916	0.874978333	0.489040667	0.103103
483	1.321477	1.300703667	1.279930333	1.259157	1.34962275	1.4400885	1.53055425	1.62102	1.52943875	1.4378575	1.34627625	1.254695	0.871026	0.487357	0.103688
484	1.313102	1.292682667	1.272263333	1.251844	1.34191425	1.4319845	1.52205475	1.612125	1.52111725	1.4301095	1.33910175	1.248094	0.866694667	0.485295333	0.103896
485	1.304518	1.284458	1.264398	1.244338	1.33398175	1.4236255	1.51326925	1.602913	1.51250675	1.4221005	1.33169425	1.241288	0.862226667	0.483165333	0.104104
486	1.299325	1.279491667	1.259658333	1.239825	1.32804025	1.4162555	1.50447075	1.592686	1.5034875	1.414289	1.3250905	1.235892	0.858881667	0.481871333	0.104861
487	1.293588	1.273991333	1.254394667	1.234798	1.32153325	1.4082685	1.49500375	1.581739	1.493797	1.405855	1.317913	1.229971	0.855177	0.480383	0.105589
488	1.289082	1.269688333	1.250294667	1.230901	1.31671675	1.4025325	1.48834825	1.574164	1.487013	1.399862	1.312711	1.22556	0.852521	0.479482	0.106443
489	1.284382	1.265182333	1.245982667	1.226783	1.3120355	1.397288	1.4825405	1.567793	1.48115125	1.3945095	1.30786775	1.221226	0.849917	0.478608	0.107299
490	1.280741	1.261674333	1.242607667	1.223541	1.30841425	1.3932875	1.47816075	1.563034	1.4768015	1.390569	1.3043365	1.218104	0.848141333	0.478178667	0.108216
491	1.28962	1.270176	1.250732	1.231288	1.31741875	1.4035495	1.48968025	1.575811	1.48893775	1.4020645	1.31519125	1.228318	0.855525333	0.482732667	0.10994
492	1.299104	1.279269667	1.259435333	1.239601	1.3270405	1.41448	1.5019195	1.589359	1.5018035	1.414248	1.3266925	1.239137	0.863335	0.487533	0.111731
493	1.308423	1.288614333	1.268805667	1.248997	1.337172	1.425347	1.513522	1.601697	1.51342975	1.4251625	1.33689525	1.248628	0.870199333	0.491770667	0.113342
494	1.318119	1.298523667	1.278928333	1.259333	1.34800975	1.4366865	1.52536325	1.61404	1.52501575	1.4359915	1.34696725	1.257943	0.876934333	0.495925667	0.114917
495	1.32624	1.306793333	1.287346667	1.2679	1.3566565	1.445413	1.5341695	1.622926	1.533534	1.444142	1.35475	1.265358	0.882362	0.499366	0.11637
496	1.326029	1.306586667	1.287144333	1.267702	1.3550635	1.442425	1.5297865	1.617148	1.528777	1.440406	1.352035	1.263664	0.88148	0.499296	0.117112
497	1.325711	1.306274333	1.286837667	1.267401	1.35334375	1.4392865	1.52522925	1.611172	1.52384125	1.4365105	1.34917975	1.261849	0.880517333	0.499185667	0.117854
498	1.325126	1.305579667	1.286033333	1.266487	1.35197775	1.4374685	1.52295925	1.60845	1.52105675	1.4336635	1.34627025	1.258877	0.87868	0.498483	0.118286
499	1.323106	1.303446333	1.283786667	1.264127	1.34927325	1.4344195	1.51956575	1.604712	1.5171205	1.429529	1.3419375	1.254346	0.875742	0.497138	0.118534
500	1.319443	1.300060333	1.280677667	1.261295	1.34560825	1.4299215	1.51423475	1.598548	1.51167825	1.4248085	1.33793875	1.251069	0.873582667	0.496096333	0.11861
501	1.316679	1.298093	1.279507	1.260921	1.34389925	1.4268775	1.50985575	1.592834	1.50780825	1.4227825	1.33775675	1.252731	0.874732667	0.496734333	0.118736
502	1.313756	1.295978667	1.278201333	1.260424	1.342042	1.42366	1.505278	1.586896	1.5037465	1.420597	1.3374475	1.254298	0.875815667	0.497333333	0.118851
503	1.312277	1.294289	1.276301	1.258313	1.34074375	1.4231745	1.50560525	1.588036	1.50407525	1.4201145	1.33615375	1.252193	0.874533667	0.496874333	0.119215
504	1.309931	1.291737	1.273543	1.255349	1.3385565	1.421764	1.5049715	1.588179	1.50344175	1.4187045	1.33396725	1.24923	0.872654667	0.496079333	0.119504
505	1.311547	1.29332	1.275093	1.256866	1.3399515	1.423037	1.5061225	1.589208	1.50469	1.420172	1.335654	1.251136	0.874084333	0.497032667	0.119981
506	1.313853	1.295746	1.277639	1.259532	1.3417185	1.423905	1.5060915	1.588278	1.50482775	1.4213775	1.33792725	1.254477	0.876449333	0.498421667	0.120394
507	1.315544	1.297434	1.279324	1.261214	1.342778	1.424342	1.505906	1.58747	1.504763	1.422056	1.339349	1.256642	0.878057667	0.499473333	0.120889
508	1.319831	1.301081333	1.282331667	1.263582	1.34612125	1.4286605	1.51119975	1.593739	1.509954	1.426169	1.342384	1.258599	0.879817667	0.501036333	0.122255
509	1.324452	1.305053333	1.285654667	1.266256	1.34979725	1.4333385	1.51687975	1.600421	1.51552975	1.4306385	1.34574725	1.260856	0.881790667	0.502725333	0.12366
510	1.325646	1.306436667	1.287227333	1.268018	1.35055575	1.4330935	1.51563125	1.598169	1.513893	1.429617	1.345341	1.261065	0.882438	0.503811	0.125184
511	1.322789	1.304049	1.285309	1.266569	1.34735225	1.4281355	1.50891875	1.589702	1.50671775	1.4237335	1.34074925	1.257765	0.880657333	0.503549667	0.126442
512	1.3154	1.297059	1.278718	1.260377	1.339267	1.418157	1.497047	1.575937	1.494562	1.413187	1.331812	1.250437	0.875987667	0.501538333	0.127089
513	1.305242	1.287130333	1.269018667	1.250907	1.3279335	1.40496	1.4819865	1.559013	1.47948825	1.3999635	1.32043875	1.240914	0.869679333	0.498444667	0.12721
514	1.295014	1.277133	1.259252	1.241371	1.3165235	1.391676	1.4668285	1.541981	1.464317	1.386653	1.308989	1.231325	0.863326667	0.495328333	0.12733
515	1.283755	1.266744667	1.249734333	1.232724	1.307974	1.383224	1.458474	1.533724	1.456016	1.378308	1.3006	1.222892	0.857791333	0.492690667	0.12759
516	1.272286	1.256154	1.240022	1.22389	1.299232	1.374574	1.449916	1.525258	1.44751175	1.3697655	1.29201925	1.214273	0.852127	0.489981	0.127835
517	1.267555	1.251866333	1.236177667	1.220489	1.29563975	1.3707905	1.44594125	1.521092	1.4433905	1.365689	1.2879875	1.210286	0.849641	0.488996	0.128351
518	1.266878	1.251361333	1.235844667	1.220328	1.2950975	1.369867	1.4446365	1.519406	1.44181325	1.3642205	1.28662775	1.209035	0.84903	0.489025	0.12902
519	1.268143	1.252733667	1.237324333	1.221915	1.29642425	1.3709335	1.44544275	1.519952	1.442484	1.365016	1.287548	1.21008	0.850004333	0.489928667	0.129853
520	1.268949	1.253517333	1.238085667	1.222654	1.2969035	1.371153	1.4454025	1.519652	1.4427665	1.365881	1.2889955	1.21211	0.851581	0.491052	0.130523
521	1.269865	1.25441	1.238955	1.2235	1.297498	1.371496	1.445494	1.519492	1.4431785	1.366865	1.2905515	1.214238	0.853225333	0.492212667	0.1312
522	1.276127	1.260201667	1.244276333	1.228351	1.3030335	1.377716	1.4523985	1.527081	1.450025	1.372969	1.295913	1.218857	0.856662333	0.494467667	0.132273
523	1.2836	1.267132667	1.250665333	1.234198	1.30973125	1.3852645	1.46079775	1.536331	1.4583075	1.380284	1.3022605	1.224237	0.86064	0.497043	0.133446
524	1.29097	1.274359	1.257748	1.241137	1.31738475	1.3936325	1.46988025	1.546128	1.46747725	1.3888265	1.31017575	1.231525	0.865874667	0.500224333	0.134574
525	1.296145	1.279815333	1.263485667	1.247156	1.3238575	1.400559	1.4772605	1.553962	1.475152	1.396342	1.317532	1.238722	0.870961333	0.503200667	0.13544
526	1.300774	1.284660333	1.268546667	1.252433	1.3294145	1.406396	1.4833775	1.560359	1.481494	1.402629	1.323764	1.244899	0.875328667	0.505758333	0.136188
527	1.308475	1.292107	1.275739	1.259371	1.33593275	1.4124945	1.48905625	1.565618	1.4869725	1.408327	1.3296815	1.251036	0.879656333	0.508276667	0.136897
528	1.316981	1.300348333	1.283715667	1.267083	1.3432715	1.41946	1.4956485	1.571837	1.49336275	1.4148885	1.33641425	1.25794	0.884523333	0.511106667	0.13769
529	1.319772	1.303014333	1.286256667	1.269499	1.34571675	1.4219345	1.49815225	1.57437	1.49582725	1.4172845	1.33874175	1.260199	0.88622	0.512241	0.138262
530	1.31965	1.302823333	1.285996667	1.26917	1.34545325	1.4217365	1.49801975	1.574303	1.49570275	1.4171025	1.33850225	1.259902	0.886145333	0.512388667	0.138632
531	1.322227	1.305716333	1.289205667	1.272695	1.34911475	1.4255345	1.50195425	1.578374	1.499434	1.420494	1.341554	1.262614	0.888188667	0.513763333	0.139338
532	1.32784	1.312155333	1.296470667	1.280786	1.357406	1.434026	1.510646	1.587266	1.50764675	1.4280275	1.34840825	1.268789	0.892669333	0.516549667	0.14043
533	1.333369	1.318374667	1.303380333	1.288386	1.36513525	1.4418845	1.51863375	1.595383	1.51516225	1.4349415	1.35472075	1.2745	0.89684	0.51918	0.14152
534	1.337717	1.322048667	1.306380333	1.290712	1.3668225	1.442933	1.5190435	1.595154	1.5151435	1.435133	1.3551225	1.275112	0.897605	0.520098	0.142591
535	1.342184	1.325844	1.309504	1.293164	1.3686475	1.444131	1.5196145	1.595098	1.515288	1.435478	1.355668	1.275858	0.898462	0.521066	0.14367
536	1.338415	1.321773	1.305131	1.288489	1.36365	1.438811	1.513972	1.589133	1.510252	1.431371	1.35249	1.273609	0.897095667	0.520582333	0.144069
537	1.334068	1.317219333	1.300370667	1.283522	1.358586	1.43365	1.508714	1.583778	1.505945	1.428112	1.350279	1.272446	0.896456667	0.520467333	0.144478
538	1.329579	1.313015333	1.296451667	1.279888	1.35484475	1.4298015	1.50475825	1.579715	1.50216875	1.4246225	1.34707625	1.26953	0.894681333	0.519832667	0.144984
539	1.325055	1.309473667	1.293892333	1.278311	1.353155	1.427999	1.502843	1.577687	1.499335	1.420983	1.342631	1.264279	0.891401	0.518523	0.145645
540	1.320774	1.306065	1.291356	1.276647	1.3513355	1.426024	1.5007125	1.575401	1.49637025	1.4173395	1.33830875	1.259278	0.888265	0.517252	0.146239
541	1.322654	1.307578	1.292502	1.277426	1.3517015	1.425977	1.5002525	1.574528	1.49599675	1.4174655	1.33893425	1.260403	0.889090333	0.517777667	0.146465
542	1.324984	1.309531667	1.294079333	1.278627	1.35250925	1.4263915	1.50027375	1.574156	1.496104	1.418052	1.34	1.261948	0.890212667	0.518477333	0.146742
543	1.323825	1.308291333	1.292757667	1.277224	1.3515115	1.425799	1.5000865	1.574374	1.4969645	1.419555	1.3421455	1.264736	0.892182	0.519628	0.147074
544	1.32112	1.305601333	1.290082667	1.274564	1.3494825	1.424401	1.4993195	1.574238	1.49755175	1.4208655	1.34417925	1.267493	0.894120333	0.520747667	0.147375
545	1.323607	1.307829	1.292051	1.276273	1.35182575	1.4273785	1.50293125	1.578484	1.50162675	1.4247695	1.34791225	1.271055	0.896807	0.522559	0.148311
546	1.327108	1.310799667	1.294491333	1.278183	1.35406	1.429937	1.505814	1.581691	1.50387475	1.4260585	1.34824225	1.270426	0.896756667	0.523087333	0.149418
547	1.330569	1.313790333	1.297011667	1.280233	1.35612725	1.4320215	1.50791575	1.58381	1.50537425	1.4269385	1.34850275	1.270067	0.896908	0.523749	0.15059
548	1.332757	1.315875	1.298993	1.282111	1.356065	1.430019	1.503973	1.577927	1.501009	1.424091	1.347173	1.270255	0.897526667	0.524798333	0.15207
549	1.334961	1.317976	1.300991	1.284006	1.35603725	1.4280685	1.50009975	1.572131	1.4967165	1.421302	1.3458875	1.270473	0.898162667	0.525852333	0.153542
550	1.334408	1.317984	1.30156	1.285136	1.35711925	1.4291025	1.50108575	1.573069	1.497756	1.422443	1.34713	1.271817	0.899178667	0.526540333	0.153902
551	1.334222	1.318478	1.302734	1.28699	1.35934625	1.4317025	1.50405875	1.576415	1.50087425	1.4253335	1.34979275	1.274252	0.900883333	0.527514667	0.154146
552	1.331831	1.316565333	1.301299667	1.286034	1.358078	1.430122	1.502166	1.57421	1.4992305	1.424251	1.3492715	1.274292	0.900996	0.5277	0.154404
553	1.329301	1.314319333	1.299337667	1.284356	1.355586	1.426816	1.498046	1.569276	1.49544675	1.4216175	1.34778825	1.273959	0.900933333	0.527907667	0.154882
554	1.328332	1.313433	1.298534	1.283635	1.3542465	1.424858	1.4954695	1.566081	1.49294175	1.4198025	1.34666325	1.273524	0.900833333	0.528142667	0.155452
555	1.328236	1.312828667	1.297421333	1.282014	1.35241675	1.4228195	1.49322225	1.563625	1.4899355	1.416246	1.3425565	1.268867	0.897855333	0.526843667	0.155832
556	1.328186	1.312271	1.296356	1.280441	1.35063775	1.4208345	1.49103125	1.561228	1.4869875	1.412747	1.3385065	1.264266	0.894916333	0.525566667	0.156217
557	1.322051	1.306169667	1.290288333	1.274407	1.3446485	1.41489	1.4851315	1.555373	1.48169925	1.4080255	1.33435175	1.260678	0.892405667	0.524133333	0.155861
558	1.317167	1.301327333	1.285487667	1.269648	1.34003075	1.4104135	1.48079625	1.551179	1.4780425	1.404906	1.3317695	1.258633	0.890973333	0.523313667	0.155654
559	1.314696	1.299278333	1.283860667	1.268443	1.33884125	1.4092395	1.47963775	1.550036	1.47659875	1.4031615	1.32972425	1.256287	0.889356667	0.522426333	0.155496
560	1.312594	1.297796333	1.282998667	1.268201	1.33850825	1.4088155	1.47912275	1.54943	1.47532375	1.4012175	1.32711125	1.253005	0.887091667	0.521178333	0.155265
561	1.308481	1.294083333	1.279685667	1.265288	1.33538125	1.4054745	1.47556775	1.545661	1.47161975	1.3975785	1.32353725	1.249496	0.884552	0.519608	0.154664
562	1.303425	1.289065	1.274705	1.260345	1.3301495	1.399954	1.4697585	1.539563	1.46659825	1.3936335	1.32066875	1.247704	0.883052667	0.518401333	0.15375
563	1.298988	1.284636667	1.270285333	1.255934	1.3255315	1.395129	1.4647265	1.534324	1.46230475	1.3902855	1.31826625	1.246247	0.881785667	0.517324333	0.152863
564	1.297146	1.282619333	1.268092667	1.253566	1.32343625	1.3933065	1.46317675	1.533047	1.4611065	1.389166	1.3172255	1.245285	0.880850333	0.516415667	0.151981
565	1.294976	1.280276333	1.265576667	1.250877	1.32100425	1.3911315	1.46125875	1.531386	1.459542	1.387698	1.315854	1.24401	0.879692667	0.515375333	0.151058
566	1.292862	1.277643667	1.262425333	1.247207	1.31776875	1.3883305	1.45889225	1.529454	1.457151	1.384848	1.312545	1.240242	0.876701667	0.513161333	0.149621
567	1.291223	1.275420333	1.259617667	1.243815	1.3148695	1.385924	1.4569785	1.528033	1.45515	1.382267	1.309384	1.236501	0.873716333	0.510931667	0.148147
568	1.291381	1.275014667	1.258648333	1.242282	1.3140285	1.385775	1.4575215	1.529268	1.455771	1.382274	1.308777	1.23528	0.872576	0.509872	0.147168
569	1.289861	1.272983667	1.256106333	1.239229	1.311637	1.384045	1.456453	1.528861	1.4548945	1.380928	1.3069615	1.232995	0.870728667	0.508462333	0.146196
570	1.288006	1.270995	1.253984	1.236973	1.30932575	1.3816785	1.45403125	1.526384	1.45273775	1.3790915	1.30544525	1.231799	0.869630333	0.507461667	0.145293
571	1.285285	1.268842333	1.252399667	1.235957	1.30691175	1.3778665	1.44882125	1.519776	1.44792825	1.3760805	1.30423275	1.232385	0.869752	0.507119	0.144486
572	1.28311	1.267222	1.251334	1.235446	1.30525025	1.3750545	1.44485875	1.514663	1.4442825	1.373902	1.3035215	1.233141	0.869999333	0.506857667	0.143716
573	1.281188	1.265806333	1.250424667	1.235043	1.3055715	1.3761	1.4466285	1.517157	1.4456505	1.374144	1.3026375	1.231131	0.868335667	0.505540333	0.142745
574	1.278827	1.263951333	1.249075667	1.2342	1.3054195	1.376639	1.4478585	1.519078	1.44648375	1.3738895	1.30129525	1.228701	0.866378667	0.504056333	0.141734
575	1.277499	1.262568667	1.247638333	1.232708	1.30387975	1.3750515	1.44622325	1.517395	1.44522025	1.3730455	1.30087075	1.228696	0.866328667	0.503961333	0.141594
576	1.278292	1.263194333	1.248096667	1.232999	1.30411425	1.3752295	1.44634475	1.51746	1.44583575	1.3742115	1.30258725	1.230963	0.867912	0.504861	0.14181
577	1.280755	1.265636667	1.250518333	1.2354	1.306488	1.377576	1.448664	1.519752	1.44794125	1.3761305	1.30431975	1.232509	0.869560333	0.506611667	0.143663
578	1.283175	1.268136333	1.253097667	1.238059	1.30908025	1.3801015	1.45112275	1.522144	1.44976575	1.3773875	1.30500925	1.232631	0.870544	0.508457	0.14637
579	1.284945	1.269840667	1.254736333	1.239632	1.3105095	1.381387	1.4522645	1.523142	1.4509325	1.378723	1.3065135	1.234304	0.872505667	0.510707333	0.148909
580	1.286823	1.271420333	1.256017667	1.240615	1.31129025	1.3819655	1.45264075	1.523316	1.45232975	1.3813435	1.31035725	1.239371	0.876690333	0.514009667	0.151329
581	1.288477	1.272817667	1.257158333	1.241499	1.3118865	1.382274	1.4526615	1.523049	1.45307875	1.3831085	1.31313825	1.243168	0.880034667	0.516901333	0.153768
582	1.292502	1.276741	1.26098	1.245219	1.31509625	1.3849735	1.45485075	1.524728	1.454608	1.384488	1.314368	1.244248	0.881739	0.51923	0.156721
583	1.296689	1.280824333	1.264959667	1.249095	1.31846725	1.3878395	1.45721175	1.526584	1.4563055	1.386027	1.3157485	1.24547	0.883548	0.521626	0.159704
584	1.294012	1.27828	1.262548	1.246816	1.31560025	1.3843845	1.45316875	1.521953	1.45229625	1.3826395	1.31298275	1.243326	0.882326	0.521326	0.160326
585	1.290821	1.275235667	1.259650333	1.244065	1.312245	1.380425	1.448605	1.516785	1.44779775	1.3788105	1.30982325	1.240836	0.880830333	0.520824667	0.160819
586	1.281385	1.266663	1.251941	1.237219	1.3054755	1.373732	1.4419885	1.510245	1.4405725	1.3709	1.3012275	1.231555	0.874478333	0.517401667	0.160325
587	1.271727	1.258101667	1.244476333	1.230851	1.299529	1.368207	1.436885	1.505563	1.434618	1.363673	1.292728	1.221783	0.867768333	0.513753667	0.159739
588	1.264205	1.250697	1.237189	1.223681	1.29228575	1.3608905	1.42949525	1.4981	1.42741425	1.3567285	1.28604275	1.215357	0.863141	0.510925	0.158709
589	1.256697	1.242478	1.228259	1.21404	1.282043	1.350046	1.418049	1.486052	1.4170535	1.348055	1.2790565	1.210058	0.859060333	0.508062667	0.157065
590	1.249295	1.234720667	1.220146333	1.205572	1.273393	1.341214	1.409035	1.476856	1.4089275	1.340999	1.2730705	1.205142	0.855261667	0.505381333	0.155501
591	1.242745	1.228505333	1.214265667	1.200026	1.268519	1.337012	1.405505	1.473998	1.4058945	1.337791	1.2696875	1.201584	0.852449667	0.503315333	0.154181
592	1.23757	1.22357	1.20957	1.19557	1.26460275	1.3336355	1.40266825	1.471701	1.403377	1.335053	1.266729	1.198405	0.849945333	0.501485667	0.153026
593	1.238708	1.224403667	1.210099333	1.195795	1.26447125	1.3331475	1.40182375	1.4705	1.40180625	1.3331125	1.26441875	1.195725	0.848032333	0.500339667	0.152647
594	1.23965	1.225042333	1.210434667	1.195827	1.26413375	1.3324405	1.40074725	1.469054	1.40000025	1.3309465	1.26189275	1.192839	0.845973333	0.499107667	0.152242
595	1.24136	1.227713667	1.214067333	1.200421	1.26820825	1.3359955	1.40378275	1.47157	1.40270975	1.3338495	1.26498925	1.196129	0.848933667	0.501738333	0.154543
596	1.243882	1.231249333	1.218616667	1.205984	1.27328225	1.3405805	1.40787875	1.475177	1.40649225	1.3378075	1.26912275	1.200438	0.852649667	0.504861333	0.157073
597	1.248094	1.235075333	1.222056667	1.209038	1.27617125	1.3433045	1.41043775	1.477571	1.40879175	1.3400125	1.27123325	1.202454	0.854809	0.507164	0.159519
598	1.251325	1.237537667	1.223750333	1.209963	1.27694475	1.3439265	1.41090825	1.47789	1.40901975	1.3401495	1.27127925	1.202409	0.855525	0.508641	0.161757
599	1.254191	1.240205333	1.226219667	1.212234	1.2788405	1.345447	1.4120535	1.47866	1.41019675	1.3417335	1.27327025	1.204807	0.857792	0.510777	0.163762
600	1.25785	1.244027333	1.230204667	1.216382	1.28252	1.348658	1.414796	1.480934	1.41314975	1.3453655	1.27758125	1.209797	0.861783	0.513769	0.165755
601	1.261128	1.247495667	1.233863333	1.220231	1.285748	1.351265	1.416782	1.482299	1.41522825	1.3481575	1.28108675	1.214016	0.865355	0.516694	0.168033
602	1.261607	1.248224333	1.234841667	1.221459	1.28604325	1.3506275	1.41521175	1.479796	1.4136	1.347404	1.281208	1.215012	0.866795667	0.518579333	0.170363
603	1.262115	1.248855667	1.235596333	1.222337	1.28579425	1.3492515	1.41270875	1.476166	1.41096625	1.3457665	1.28056675	1.215367	0.867816667	0.520266333	0.172716
604	1.265483	1.251984	1.238485	1.224986	1.286937	1.348888	1.410839	1.47279	1.40877	1.34475	1.28073	1.21671	0.869647667	0.522585333	0.175523
605	1.268677	1.255033	1.241389	1.227745	1.28846725	1.3491895	1.40991175	1.470634	1.407567	1.3445	1.281433	1.218366	0.871681333	0.524996667	0.178312
606	1.267443	1.254402333	1.241361667	1.228321	1.289796	1.351271	1.412746	1.474221	1.41052375	1.3468265	1.28312925	1.219432	0.873107333	0.526782667	0.180458
607	1.265867	1.253432333	1.240997667	1.228563	1.2907735	1.352984	1.4151945	1.477405	1.4130955	1.348786	1.2844765	1.220167	0.874296	0.528425	0.182554
608	1.266572	1.253438333	1.240304667	1.227171	1.28894625	1.3507215	1.41249675	1.474272	1.410149	1.346026	1.281903	1.21778	0.873205	0.52863	0.184055
609	1.266786	1.252919	1.239052	1.225185	1.28646025	1.3477355	1.40901075	1.470286	1.406404	1.342522	1.27864	1.214758	0.871654	0.52855	0.185446
610	1.263423	1.249581	1.235739	1.221897	1.28270725	1.3435175	1.40432775	1.465138	1.40207325	1.3390085	1.27594375	1.212879	0.870675667	0.528472333	0.186269
611	1.260071	1.246407	1.232743	1.219079	1.27946975	1.3398605	1.40025125	1.460642	1.39847825	1.3363145	1.27415075	1.211987	0.870353	0.528719	0.187085
612	1.259683	1.245807333	1.231931667	1.218056	1.27743625	1.3368165	1.39619675	1.455577	1.394212	1.332847	1.271482	1.210117	0.869598333	0.529079667	0.188561
613	1.258697	1.244455667	1.230214333	1.215973	1.27399025	1.3320075	1.39002475	1.448042	1.38751825	1.3269945	1.26647075	1.205947	0.867309667	0.528672333	0.190035
614	1.254262	1.240243667	1.226225333	1.212207	1.269989	1.327771	1.385553	1.443335	1.383151	1.322967	1.262783	1.202599	0.865484333	0.528369667	0.191255
615	1.248839	1.235492333	1.222145667	1.208799	1.26732475	1.3258505	1.38437625	1.442902	1.38257475	1.3222475	1.26192025	1.201593	0.865244333	0.528895667	0.192547
616	1.242225	1.229640667	1.217056333	1.204472	1.26311025	1.3217485	1.38038675	1.439025	1.37858425	1.3181435	1.25770275	1.197262	0.862614667	0.527967333	0.19332
617	1.241402	1.229638667	1.217875333	1.206112	1.2643685	1.322625	1.3808815	1.439138	1.378257	1.317376	1.256495	1.195614	0.861934667	0.528255333	0.194576
618	1.24414	1.232635667	1.221131333	1.209627	1.267666	1.325705	1.383744	1.441783	1.3805765	1.31937	1.2581635	1.196957	0.863341	0.529725	0.196109
619	1.246468	1.234009667	1.221551333	1.209093	1.26690575	1.3247185	1.38253125	1.440344	1.37949825	1.3186525	1.25780675	1.196961	0.863603333	0.530245667	0.196888
620	1.246896	1.233793667	1.220691333	1.207589	1.26509575	1.3226025	1.38010925	1.437616	1.3772105	1.316805	1.2563995	1.195994	0.863146667	0.530299333	0.197452
621	1.244582	1.232049333	1.219516667	1.206984	1.264093	1.321202	1.378311	1.43542	1.3755345	1.315649	1.2557635	1.195878	0.863228	0.530578	0.197928
622	1.241812	1.229802667	1.217793333	1.205784	1.26251975	1.3192555	1.37599125	1.432727	1.37332325	1.3139195	1.25451575	1.195112	0.862834	0.530556	0.198278
623	1.238344	1.226300333	1.214256667	1.202213	1.25902975	1.3158465	1.37266325	1.42948	1.36995075	1.3104215	1.25089225	1.191363	0.860208	0.529053	0.197898
624	1.235254	1.223171	1.211088	1.199005	1.25592375	1.3128425	1.36976125	1.42668	1.3670025	1.307325	1.2476475	1.18797	0.857840333	0.527710667	0.197581
625	1.231461	1.219202333	1.206943667	1.194685	1.252094	1.309503	1.366912	1.424321	1.36491275	1.3055045	1.24609625	1.186688	0.856496	0.526304	0.196112
626	1.225065	1.212655	1.200245	1.187835	1.245616	1.303397	1.361178	1.418959	1.35994925	1.3009395	1.24192975	1.18292	0.853353	0.523786	0.194219
627	1.217377	1.204614333	1.191851667	1.179089	1.23635125	1.2936135	1.35087575	1.408138	1.34960325	1.2910685	1.23253375	1.173999	0.846787333	0.519575667	0.192364
628	1.213717	1.200524	1.187331	1.174138	1.2309695	1.287801	1.3446325	1.401464	1.343215	1.284966	1.226717	1.168468	0.842698333	0.516928667	0.191159
629	1.211514	1.198738333	1.185962667	1.173187	1.23019825	1.2872095	1.34422075	1.401232	1.3428505	1.284469	1.2260875	1.167706	0.842307	0.516908	0.191509
630	1.208957	1.196821	1.184685	1.172549	1.2298615	1.287174	1.3444865	1.401799	1.3432125	1.284626	1.2260395	1.167453	0.842348667	0.517244333	0.19214
631	1.213275	1.201638333	1.190001667	1.178365	1.2351415	1.291918	1.3486945	1.405471	1.34717975	1.2888885	1.23059725	1.172306	0.84638	0.520454	0.194528
632	1.214659	1.203515667	1.192372333	1.181229	1.236902	1.292575	1.348248	1.403921	1.346375	1.288829	1.231283	1.173737	0.84805	0.522363	0.196676
633	1.215668	1.203856333	1.192044667	1.180233	1.235972	1.291711	1.34745	1.403189	1.34574	1.288291	1.230842	1.173393	0.848928667	0.524464333	0.2
634	1.219738	1.206604	1.19347	1.180336	1.2369115	1.293487	1.3500625	1.406638	1.348789	1.29094	1.233091	1.175242	0.851665	0.528088	0.204511
635	1.222566	1.209394667	1.196223333	1.183052	1.2390125	1.294973	1.3509335	1.406894	1.34964975	1.2924055	1.23516125	1.177917	0.85489	0.531863	0.208836
636	1.2254	1.213109333	1.200818667	1.188528	1.24286375	1.2971995	1.35153525	1.405871	1.34991725	1.2939635	1.23800975	1.182056	0.859104333	0.536152667	0.213201
637	1.229654	1.217900667	1.206147333	1.194394	1.247607	1.30082	1.354033	1.407246	1.3519785	1.296711	1.2414435	1.186176	0.863407667	0.540639333	0.217871
638	1.231095	1.219597667	1.208100333	1.196603	1.248989	1.301375	1.353761	1.406147	1.35118575	1.2962245	1.24126325	1.186302	0.864886	0.54347	0.222054
639	1.232579	1.22134	1.210101	1.198862	1.25119625	1.3035305	1.35586475	1.408199	1.35296575	1.2977325	1.24249925	1.187266	0.866715333	0.546164667	0.225614
640	1.231934	1.220974667	1.210015333	1.199056	1.25211875	1.3051815	1.35824425	1.411307	1.355249	1.299191	1.243133	1.187075	0.867403667	0.547732333	0.228061
641	1.229706	1.218818333	1.207930667	1.197043	1.250072	1.303101	1.35613	1.409159	1.35350325	1.2978475	1.24219175	1.186536	0.867635667	0.548735333	0.229835
642	1.229279	1.218141667	1.207004333	1.195867	1.24798725	1.3001075	1.35222775	1.404348	1.35060575	1.2968635	1.24312125	1.189379	0.870072	0.550765	0.231458
643	1.224963	1.213926667	1.202890333	1.191854	1.24329275	1.2947315	1.34617025	1.397609	1.345201	1.292793	1.240385	1.187977	0.869213333	0.550449667	0.231686
644	1.218759	1.208369667	1.197980333	1.187591	1.23891975	1.2902485	1.34157725	1.392906	1.3406735	1.288441	1.2362085	1.183976	0.866138	0.5483	0.230462
645	1.216876	1.206610667	1.196345333	1.18608	1.237607	1.289134	1.340661	1.392188	1.3396545	1.287121	1.2345875	1.182054	0.864749667	0.547445333	0.230141
646	1.21546	1.204360333	1.193260667	1.182161	1.23414325	1.2861255	1.33810775	1.39009	1.33667725	1.2832645	1.22985175	1.176439	0.860985	0.545531	0.230077
647	1.209541	1.198365667	1.187190333	1.176015	1.227877	1.279739	1.331601	1.383463	1.3298905	1.276318	1.2227455	1.169173	0.855905	0.542637	0.229369
648	1.203598	1.193940333	1.184282667	1.174625	1.22551725	1.2764095	1.32730175	1.378194	1.325611	1.273028	1.220445	1.167862	0.854952	0.542042	0.229132
649	1.200785	1.191737333	1.182689667	1.173642	1.22418025	1.2747185	1.32525675	1.375795	1.3236585	1.271522	1.2193855	1.167249	0.854618667	0.541988333	0.229358
650	1.200161	1.189453667	1.178746333	1.168039	1.219545	1.271051	1.322557	1.374063	1.321238	1.268413	1.215588	1.162763	0.851719333	0.540675667	0.229632
651	1.196795	1.185117	1.173439	1.161761	1.213761	1.265761	1.317761	1.369761	1.3166275	1.263494	1.2103605	1.157227	0.848070333	0.538913667	0.229757
652	1.188186	1.177384667	1.166583333	1.155782	1.20708675	1.2583915	1.30969625	1.361001	1.30849225	1.2559835	1.20347475	1.150966	0.843942	0.536918	0.229894
653	1.178932	1.168772667	1.158613333	1.148454	1.198916	1.249378	1.29984	1.350302	1.298666	1.24703	1.195394	1.143758	0.839312	0.534866	0.23042
654	1.17252	1.162281667	1.152043333	1.141805	1.19120625	1.2406075	1.29000875	1.33941	1.28914925	1.2388885	1.18862775	1.138367	0.836563667	0.534760333	0.232957
655	1.168408	1.158101667	1.147795333	1.137489	1.1861985	1.234908	1.2836175	1.332327	1.28288475	1.2334425	1.18400025	1.134558	0.834935	0.535312	0.235689
656	1.169941	1.159612	1.149283	1.138954	1.18803175	1.2371095	1.28618725	1.335265	1.28502575	1.2347865	1.18454725	1.134308	0.83575	0.537192	0.238634
657	1.173233	1.162909333	1.152585667	1.142262	1.19148575	1.2407095	1.28993325	1.339157	1.28847425	1.2377915	1.18710875	1.136426	0.83837	0.540314	0.242258
658	1.175626	1.165439	1.155252	1.145065	1.19355	1.242035	1.29052	1.339005	1.28915725	1.2393095	1.18946175	1.139614	0.841908667	0.544203333	0.246498
659	1.179195	1.169010333	1.158825667	1.148641	1.19649225	1.2443435	1.29219475	1.340046	1.290866	1.241686	1.192506	1.143326	0.845835	0.548344	0.250853
660	1.185131	1.174596667	1.164062333	1.153528	1.2009975	1.248467	1.2959365	1.343406	1.29447375	1.2455415	1.19660925	1.147677	0.850229667	0.552782333	0.255335
661	1.191077	1.180509333	1.169941667	1.159374	1.20621775	1.2530615	1.29990525	1.346749	1.2980955	1.249442	1.2007885	1.152135	0.854618667	0.557102333	0.259586
662	1.204281	1.194403667	1.184526333	1.174649	1.220536	1.266423	1.31231	1.358197	1.30960875	1.2610205	1.21243225	1.163844	0.864184333	0.564524667	0.264865
663	1.219295	1.209386	1.199477	1.189568	1.23524025	1.2809125	1.32658475	1.372257	1.323468	1.274679	1.22589	1.177101	0.874889	0.572677	0.270465
664	1.226996	1.215535	1.204074	1.192613	1.239328	1.286043	1.332758	1.379473	1.33032975	1.2811865	1.23204325	1.1829	0.879992	0.577084	0.274176
665	1.228282	1.216287667	1.204293333	1.192299	1.23933575	1.2863725	1.33340925	1.380446	1.331425	1.282404	1.233383	1.184362	0.881868333	0.579374667	0.276881
666	1.226502	1.215826	1.20515	1.194474	1.24080875	1.2871435	1.33347825	1.379813	1.33146425	1.2831155	1.23476675	1.186418	0.884211667	0.582005333	0.279799
667	1.227475	1.217723	1.207971	1.198219	1.2436545	1.28909	1.3345255	1.379961	1.332393	1.284825	1.237257	1.189689	0.887401	0.585113	0.282825
668	1.227144	1.217688	1.208232	1.198776	1.24278725	1.2867985	1.33080975	1.374821	1.3284245	1.282028	1.2356315	1.189235	0.887695333	0.586155667	0.284616
669	1.22359	1.214175333	1.204760667	1.195346	1.238593	1.28184	1.325087	1.368334	1.3227205	1.277107	1.2314935	1.18588	0.885791	0.585702	0.285613
670	1.222391	1.212614	1.202837	1.19306	1.23668525	1.2803105	1.32393575	1.367561	1.32195	1.276339	1.230728	1.185117	0.885788	0.586459	0.28713
671	1.221473	1.211479333	1.201485667	1.191492	1.23542	1.279348	1.323276	1.367204	1.32172625	1.2762485	1.23077075	1.185293	0.886562667	0.587832333	0.289102
672	1.218457	1.208435	1.198413	1.188391	1.232445	1.276499	1.320553	1.364607	1.3195015	1.274396	1.2292905	1.184185	0.886456667	0.588728333	0.291
673	1.218212	1.207956333	1.197700667	1.187445	1.231458	1.275471	1.319484	1.363497	1.31822075	1.2729445	1.22766825	1.182392	0.885744	0.589096	0.292448
674	1.220581	1.209905333	1.199229667	1.188554	1.23237825	1.2762025	1.32002675	1.363851	1.3179095	1.271968	1.2260265	1.180085	0.884562667	0.589040333	0.293518
675	1.219151	1.208471333	1.197791667	1.187112	1.230781	1.27445	1.318119	1.361788	1.315788	1.269788	1.223788	1.177788	0.883357	0.588926	0.294495
676	1.215446	1.205048667	1.194651333	1.184254	1.227804	1.271354	1.314904	1.358454	1.31280525	1.2671565	1.22150775	1.175859	0.882408	0.588957	0.295506
677	1.214057	1.203839333	1.193621667	1.183404	1.227199	1.270994	1.314789	1.358584	1.31302575	1.2674675	1.22190925	1.176351	0.883107	0.589863	0.296619
678	1.212113	1.202036667	1.191960333	1.181884	1.2260475	1.270211	1.3143745	1.358538	1.31300225	1.2674665	1.22193075	1.176395	0.883382	0.590369	0.297356
679	1.210877	1.200872667	1.190868333	1.180864	1.224797	1.26873	1.312663	1.356596	1.31097275	1.2653495	1.21972625	1.174103	0.882123	0.590143	0.298163
680	1.208591	1.198645	1.188699	1.178753	1.22220025	1.2656475	1.30909475	1.352542	1.3068425	1.261143	1.2154435	1.169744	0.879386	0.589028	0.29867
681	1.197439	1.187684667	1.177930333	1.168176	1.21109725	1.2540185	1.29693975	1.339861	1.29548675	1.2511125	1.20673825	1.162364	0.873661333	0.584958667	0.296256
682	1.186684	1.177132667	1.167581333	1.15803	1.20049725	1.2429645	1.28543175	1.327899	1.28507375	1.2422485	1.19942325	1.156598	0.868994667	0.581391333	0.293788
683	1.168871	1.159713333	1.150555667	1.141398	1.18209075	1.2227835	1.26347625	1.304169	1.26220175	1.2202345	1.17826725	1.1363	0.852323667	0.568347333	0.284371
684	1.14877	1.140029667	1.131289333	1.122549	1.1613505	1.200152	1.2389535	1.277755	1.23660125	1.1954475	1.15429375	1.11314	0.833395333	0.553650667	0.273906
685	1.125415	1.116605667	1.107796333	1.098987	1.1402565	1.181526	1.2227955	1.264065	1.22101025	1.1779555	1.13490075	1.091846	0.815342667	0.538839333	0.262336
686	1.104344	1.095381667	1.086419333	1.077457	1.1211365	1.164816	1.2084955	1.252175	1.20740825	1.1626415	1.11787475	1.073108	0.799229667	0.525351333	0.251473
687	1.0875	1.077879	1.068258	1.058637	1.103569	1.148501	1.193433	1.238365	1.19399575	1.1496265	1.10525725	1.060888	0.788383	0.515878	0.243373
688	1.072014	1.061722667	1.051431333	1.04114	1.0871055	1.133071	1.1790365	1.225002	1.1806335	1.136265	1.0918965	1.047528	0.77686	0.506192	0.235524
689	1.0637	1.052674	1.041648	1.030622	1.0770055	1.123389	1.1697725	1.216156	1.17035175	1.1245475	1.07874325	1.032939	0.764989	0.497039	0.229089
690	1.054424	1.043332333	1.032240667	1.021149	1.0679655	1.114782	1.1615985	1.208415	1.1616935	1.114972	1.0682505	1.021529	0.755539333	0.489549667	0.22356
691	1.045619	1.035692333	1.025765667	1.015839	1.06322125	1.1106035	1.15798575	1.205368	1.1585965	1.111825	1.0650535	1.018282	0.752254667	0.486227333	0.2202
692	1.047837	1.038559667	1.029282333	1.020005	1.0685035	1.117002	1.1655005	1.213999	1.1665525	1.119106	1.0716595	1.024213	0.756960667	0.489708333	0.222456
693	1.060983	1.051786667	1.042590333	1.033394	1.08355425	1.1337145	1.18387475	1.234035	1.18528075	1.1365265	1.08777225	1.039018	0.769573667	0.500129333	0.230685
694	1.074303	1.065288667	1.056274333	1.04726	1.0969075	1.146555	1.1962025	1.24585	1.19745075	1.1490515	1.10065225	1.052253	0.781040667	0.509828333	0.238616
695	1.08785	1.079082667	1.070315333	1.061548	1.10927225	1.1569965	1.20472075	1.252445	1.20547875	1.1585125	1.11154625	1.06458	0.791847667	0.519115333	0.246383
696	1.095269	1.085943333	1.076617667	1.067292	1.11522175	1.1631515	1.21108125	1.259011	1.21263275	1.1662545	1.11987625	1.073498	0.79919	0.524882	0.250574
697	1.100113	1.089959667	1.079806333	1.069653	1.11849175	1.1673305	1.21616925	1.265008	1.21895	1.172892	1.126834	1.080776	0.804995	0.529214	0.253433
698	1.099298	1.089486333	1.079674667	1.069863	1.1176315	1.1654	1.2131685	1.260937	1.21553175	1.1701265	1.12472125	1.079316	0.805092333	0.530868667	0.256645
699	1.098973	1.089645667	1.080318333	1.070991	1.1175085	1.164026	1.2105435	1.257061	1.21234875	1.1676365	1.12292425	1.078212	0.805526667	0.532841333	0.260156
700	1.103418	1.094752	1.086086	1.07742	1.12316375	1.1689075	1.21465125	1.260395	1.21711275	1.1738305	1.13054825	1.087266	0.812852667	0.538439333	0.264026
701	1.106799	1.098648667	1.090498333	1.082348	1.127451	1.172554	1.217657	1.26276	1.220371	1.177982	1.135593	1.093204	0.817908333	0.542612667	0.267317
702	1.108237	1.100023	1.091809	1.083595	1.12866	1.173725	1.21879	1.263855	1.2202105	1.176566	1.1329215	1.089277	0.815815	0.542353	0.268891
703	1.108872	1.100383	1.091894	1.083405	1.1283855	1.173366	1.2183465	1.263327	1.219165	1.175003	1.130841	1.086679	0.814608667	0.542538333	0.270468
704	1.110868	1.101723667	1.092579333	1.083435	1.12836325	1.1732915	1.21821975	1.263148	1.21960025	1.1760525	1.13250475	1.088957	0.816878	0.544799	0.27272
705	1.115533	1.105971333	1.096409667	1.086848	1.131321	1.175794	1.220267	1.26474	1.22178775	1.1788355	1.13588325	1.092931	0.820643333	0.548355667	0.276068
706	1.119614	1.109858333	1.100102667	1.090347	1.1339255	1.177504	1.2210825	1.264661	1.2223895	1.180118	1.1378465	1.095575	0.823587667	0.551600333	0.279613
707	1.125259	1.115049333	1.104839667	1.09463	1.13835725	1.1820845	1.22581175	1.269539	1.22706875	1.1845985	1.14212825	1.099658	0.827776	0.555894	0.284012
708	1.130784	1.120034333	1.109284667	1.098535	1.142766	1.186997	1.231228	1.275459	1.23249475	1.1895305	1.14656625	1.103602	0.831911	0.56022	0.288529
709	1.127979	1.118133333	1.108287667	1.098442	1.14211075	1.1857795	1.22944825	1.273117	1.2300225	1.186928	1.1438335	1.100739	0.830392333	0.560045667	0.289699
710	1.121962	1.113047667	1.104133333	1.095219	1.13810975	1.1810005	1.22389125	1.266782	1.2238255	1.180869	1.1379125	1.094956	0.826546667	0.558137333	0.289728
711	1.113249	1.104477667	1.095706333	1.086935	1.12867525	1.1704155	1.21215575	1.253896	1.21224875	1.1706015	1.12895425	1.087307	0.820757333	0.554207667	0.287658
712	1.102357	1.093775667	1.085194333	1.076613	1.11794425	1.1592755	1.20060675	1.241938	1.2007515	1.159565	1.1183785	1.077192	0.812470667	0.547749333	0.283028
713	1.083302	1.075037333	1.066772667	1.058508	1.10088925	1.1432705	1.18565175	1.228033	1.18561875	1.1432045	1.10079025	1.058376	0.796256667	0.534137333	0.272018
714	1.059239	1.050743333	1.042247667	1.033752	1.07756	1.121368	1.165176	1.208984	1.16619675	1.1234095	1.08062225	1.037835	0.778513667	0.519192333	0.259871
715	1.030081	1.020875333	1.011669667	1.002464	1.04799775	1.0935315	1.13906525	1.184599	1.14222625	1.0998535	1.05748075	1.015108	0.75893	0.502752	0.246574
716	1.003367	0.99384	0.984313	0.974786	1.021639	1.068492	1.115345	1.162198	1.11908	1.075962	1.032844	0.989726	0.737555667	0.485385333	0.233215
717	0.979108	0.969373	0.959638	0.949903	0.998028	1.046153	1.094278	1.142403	1.09806225	1.0537215	1.00938075	0.96504	0.716749	0.468458	0.220167
718	0.962755	0.953336667	0.943918333	0.9345	0.98422475	1.0339495	1.08367425	1.133399	1.08799975	1.0426005	0.99720125	0.951802	0.705117667	0.458433333	0.211749
719	0.942903	0.933951	0.924999	0.916047	0.966864	1.017681	1.068498	1.119315	1.07325275	1.0271905	0.98112825	0.935066	0.690931667	0.446797333	0.202663
720	0.92136	0.913281333	0.905202667	0.897124	0.94780425	0.9984845	1.04916475	1.099845	1.05394225	1.0080395	0.96213675	0.916234	0.675149667	0.434065333	0.192981
721	0.90497	0.896978	0.888986	0.880994	0.93187325	0.9827525	1.03363175	1.084511	1.0387065	0.992902	0.9470975	0.901293	0.662908333	0.424523667	0.186139
722	0.897075	0.888153	0.879231	0.870309	0.92193225	0.9735555	1.02517875	1.076802	1.030914	0.985026	0.939138	0.89325	0.656592333	0.419934667	0.183277
723	0.898831	0.889714	0.880597	0.87148	0.92381175	0.9761435	1.02847525	1.080807	1.03438475	0.9879625	0.94154025	0.895118	0.658211667	0.421305333	0.184399
724	0.904956	0.895984667	0.887013333	0.878042	0.931063	0.984084	1.037105	1.090126	1.04296375	0.9958015	0.94863925	0.901477	0.663433333	0.425389667	0.187346
725	0.911078	0.901745667	0.892413333	0.883081	0.93639775	0.9897145	1.04303125	1.096348	1.04914075	1.0019335	0.95472625	0.907519	0.668478667	0.429438333	0.190398
726	0.915316	0.905735667	0.896155333	0.886575	0.9400695	0.993564	1.0470585	1.100553	1.05325675	1.0059605	0.95866425	0.911368	0.671785333	0.432202667	0.19262
727	0.914644	0.905377	0.89611	0.886843	0.94029875	0.9937545	1.04721025	1.100666	1.052785	1.004904	0.957023	0.909142	0.670101	0.43106	0.192019
728	0.919322	0.910543	0.901764	0.892985	0.94626525	0.9995455	1.05282575	1.106106	1.05756	1.009014	0.960468	0.911922	0.673126333	0.434330667	0.195535
729	0.925553	0.917494333	0.909435667	0.901377	0.95407275	1.0067685	1.05946425	1.11216	1.06310425	1.0140485	0.96499275	0.915937	0.678196	0.440455	0.202714
730	0.937111	0.929241333	0.921371667	0.913502	0.96368375	1.0138655	1.06404725	1.114229	1.0672425	1.020256	0.9732695	0.926283	0.688147667	0.450012333	0.211877
731	0.953322	0.945410667	0.937499333	0.929588	0.97682775	1.0240675	1.07130725	1.118547	1.074302	1.030057	0.985812	0.941567	0.701842	0.462117	0.222392
732	0.971174	0.962189333	0.953204667	0.94422	0.99262875	1.0410375	1.08944625	1.137855	1.09283225	1.0478095	1.00278675	0.957764	0.715948333	0.474132667	0.232317
733	0.986911	0.977188333	0.967465667	0.957743	1.00641375	1.0550845	1.10375525	1.152426	1.107164	1.061902	1.01664	0.971378	0.728329667	0.485281333	0.242233
734	1.002653	0.992868	0.983083	0.973298	1.020493	1.067688	1.114883	1.162078	1.11753275	1.0729875	1.02844225	0.983897	0.740361333	0.496825667	0.25329
735	1.019178	1.009550333	0.999922667	0.990295	1.035396	1.080497	1.125598	1.170699	1.127239	1.083779	1.040319	0.996859	0.752871667	0.508884333	0.264897
736	1.036516	1.027183	1.01785	1.008517	1.05113475	1.0937525	1.13637025	1.178988	1.13684025	1.0946925	1.05254475	1.010397	0.76592	0.521443	0.276966
737	1.044361	1.035913333	1.027465667	1.019018	1.061096	1.103174	1.145252	1.18733	1.1451645	1.102999	1.0608335	1.018668	0.774456333	0.530244667	0.286033
738	1.046355	1.038453667	1.030552333	1.022651	1.063768	1.104885	1.146002	1.187119	1.14554375	1.1039685	1.06239325	1.020818	0.778092667	0.535367333	0.292642
739	1.055644	1.046849667	1.038055333	1.029261	1.06834125	1.1074215	1.14650175	1.185582	1.14607825	1.1065745	1.06707075	1.027567	0.784713333	0.541859667	0.299006
740	1.061719	1.052959667	1.044200333	1.035441	1.0737585	1.112076	1.1503935	1.188711	1.1492745	1.109838	1.0704015	1.030965	0.789196667	0.547428333	0.30566
741	1.062686	1.054746333	1.046806667	1.038867	1.07739025	1.1159135	1.15443675	1.19296	1.152028	1.111096	1.070164	1.029232	0.790090333	0.550948667	0.311807
742	1.068081	1.059048333	1.050015667	1.040983	1.07802875	1.1150745	1.15212025	1.189166	1.14976025	1.1103545	1.07094875	1.031543	0.793666333	0.555789667	0.317913
743	1.073822	1.064156	1.05449	1.044824	1.0802315	1.115639	1.1510465	1.186454	1.14880025	1.1111465	1.07349275	1.035839	0.798578	0.561317	0.324056
744	1.074358	1.066832	1.059306	1.05178	1.08571575	1.1196515	1.15358725	1.187523	1.15100725	1.1144915	1.07797575	1.04146	0.803983667	0.566507333	0.329031
745	1.074043	1.066777667	1.059512333	1.052247	1.086397	1.120547	1.154697	1.188847	1.1525405	1.116234	1.0799275	1.043621	0.806490333	0.569359667	0.332229
746	1.074968	1.066410333	1.057852667	1.049295	1.0851075	1.12092	1.1567325	1.192545	1.1556215	1.118698	1.0817745	1.044851	0.808100667	0.571350333	0.3346
747	1.076416	1.067407333	1.058398667	1.04939	1.08599975	1.1226095	1.15921925	1.195829	1.15775225	1.1196755	1.08159875	1.043522	0.807894	0.572266	0.336638
748	1.074927	1.065809667	1.056692333	1.047575	1.08422025	1.1208655	1.15751075	1.194156	1.15574725	1.1173385	1.07892975	1.040521	0.806229333	0.571937667	0.337646
749	1.068986	1.060457333	1.051928667	1.0434	1.0782795	1.113159	1.1480385	1.182918	1.14659075	1.1102635	1.07393625	1.037609	0.804094	0.570579	0.337064
750	1.067565	1.059593667	1.051622333	1.043651	1.07781125	1.1119715	1.14613175	1.180292	1.14380525	1.1073185	1.07083175	1.034345	0.801939	0.569533	0.337127
751	1.066818	1.059399333	1.051980667	1.044562	1.07857875	1.1125955	1.14661225	1.180629	1.142681	1.104733	1.066785	1.028837	0.798198	0.567559	0.33692
752	1.052692	1.045740667	1.038789333	1.031838	1.06475975	1.0976815	1.13060325	1.163525	1.12748075	1.0914365	1.05539225	1.019348	0.790710667	0.562073333	0.333436
753	1.033057	1.026606667	1.020156333	1.013706	1.04601775	1.0783295	1.11064125	1.142953	1.10817175	1.0733905	1.03860925	1.003828	0.778034333	0.552240667	0.326447
754	1.007935	1.002021333	0.996107667	0.990194	1.02284575	1.0554975	1.08814925	1.120801	1.08605075	1.0513005	1.01655025	0.9818	0.759437	0.537074	0.314711
755	0.953556	0.947193	0.94083	0.934467	0.96667125	0.9988755	1.03107975	1.063284	1.02959575	0.9959075	0.96221925	0.928531	0.716279333	0.504027667	0.291776
756	0.88748	0.880456333	0.873432667	0.866409	0.89817525	0.9299415	0.96170775	0.993474	0.9609545	0.928435	0.8959155	0.863396	0.663661667	0.463927333	0.264193
757	0.819018	0.811848667	0.804679333	0.79751	0.83053775	0.8635655	0.89659325	0.929621	0.89674075	0.8638605	0.83098025	0.7981	0.610136333	0.422172667	0.234209
758	0.759053	0.751387	0.743721	0.736055	0.77022175	0.8043885	0.83855525	0.872722	0.8396345	0.806547	0.7734595	0.740372	0.561910333	0.383448667	0.204987
759	0.704855	0.696427	0.687999	0.679571	0.714717	0.749863	0.785009	0.820155	0.78703925	0.7539235	0.72080775	0.687692	0.517180667	0.346669333	0.176158
760	0.661753	0.654819	0.647885	0.640951	0.67771775	0.7144845	0.75125125	0.788018	0.75285125	0.7176845	0.68251775	0.647351	0.483077	0.318803	0.154529
761	0.627368	0.621296333	0.615224667	0.609153	0.64734725	0.6855415	0.72373575	0.76193	0.725366	0.688802	0.652238	0.615674	0.456244	0.296814	0.137384
762	0.608274	0.601932667	0.595591333	0.58925	0.62866975	0.6680895	0.70750925	0.746929	0.70997725	0.6730255	0.63607375	0.599122	0.441887333	0.284652667	0.127418
763	0.628506	0.621799333	0.615092667	0.608386	0.65010325	0.6918205	0.73353775	0.775255	0.7360535	0.696852	0.6576505	0.618449	0.457267	0.296085	0.134903
764	0.664355	0.657289667	0.650224333	0.643159	0.686516	0.729873	0.77323	0.816587	0.77550025	0.7344135	0.69332675	0.65224	0.484790333	0.317340667	0.149891
765	0.728167	0.720745	0.713323	0.705901	0.748668	0.791435	0.834202	0.876969	0.835915	0.794861	0.753807	0.712753	0.534276667	0.355800333	0.177324
766	0.791351	0.783781	0.776211	0.768641	0.8106195	0.852598	0.8945765	0.936555	0.89564175	0.8547285	0.81381525	0.772902	0.584142333	0.395382667	0.206623
767	0.852506	0.844898333	0.837290667	0.829683	0.870646	0.911609	0.952572	0.993535	0.95296025	0.9123855	0.87181075	0.831236	0.633054	0.434872	0.23669
768	0.904814	0.89723	0.889646	0.882062	0.92131625	0.9605705	0.99982475	1.039079	0.99962525	0.9601715	0.92071775	0.881264	0.676391667	0.471519333	0.266647
769	0.947973	0.940047	0.932121	0.924195	0.96062525	0.9970555	1.03348575	1.069916	1.0324165	0.994917	0.9574175	0.919918	0.710474667	0.501031333	0.291588
770	0.984261	0.975887667	0.967514333	0.959141	0.992191	1.025241	1.058291	1.091341	1.0562065	1.021072	0.9859375	0.950803	0.738158333	0.525513667	0.312869
771	0.99688	0.990734667	0.984589333	0.978444	1.01184425	1.0452445	1.07864475	1.112045	1.07654325	1.0410415	1.00553975	0.970038	0.755160333	0.540282667	0.325405
772	1.008173	1.001992333	0.995811667	0.989631	1.022773	1.055915	1.089057	1.122199	1.08689275	1.0515865	1.01628025	0.980974	0.765646	0.550318	0.33499
773	1.017066	1.008823667	1.000581333	0.992339	1.024645	1.056951	1.089257	1.121563	1.08698375	1.0524045	1.01782525	0.983246	0.769313333	0.555380667	0.341448
774	1.020036	1.013107	1.006178	0.999249	1.03196475	1.0646805	1.09739625	1.130112	1.0941305	1.058149	1.0221675	0.986186	0.771946333	0.557706667	0.343467
775	1.021474	1.015081667	1.008689333	1.002297	1.03520325	1.0681095	1.10101575	1.133922	1.09785725	1.0617925	1.02572775	0.989663	0.775022	0.560381	0.34574
776	1.021198	1.014532	1.007866	1.0012	1.03406275	1.0669255	1.09978825	1.132651	1.09788825	1.0631255	1.02836275	0.9936	0.778482667	0.563365333	0.348248
777	1.020122	1.013755667	1.007389333	1.001023	1.03236275	1.0637025	1.09504225	1.126382	1.09254125	1.0587005	1.02485975	0.991019	0.776859333	0.562699667	0.34854
778	1.017889	1.011399667	1.004910333	0.998421	1.0298395	1.061258	1.0926765	1.124095	1.0902045	1.056314	1.0224235	0.988533	0.774910333	0.561287667	0.347665
779	1.014255	1.007202	1.000149	0.993096	1.0262645	1.059433	1.0926015	1.12577	1.09083175	1.0558935	1.02095525	0.986017	0.772523	0.559029	0.345535
780	1.010982	1.004131	0.99728	0.990429	1.023544	1.056659	1.089774	1.122889	1.0881045	1.05332	1.0185355	0.983751	0.771028	0.558305	0.345582
